;Jim_Thomas;Eleftherios_Koutsofios;Lawrence_A._Rowe;Jonathan_I._Helfman;Mary_Brewster;Min_Chen;Christopher_G._Healey;Mac_Holden;M._Gray;Jason_Stewart;Volker_Vogelmann;Benjamin_B._Bederson;Maureen_Tingley;C._K._Yung;S._Joy_Mountford;L._D._Bergman;Rich_Gossweiler;M._Maruyama;David_P._Helmbold;C._Dunmire;C._C._Gomberg;Allison_Woodruff;Karlis_Kaugars;Jeffrey_Brainerd;Claudia_Schmid;Ken_Perrine;Ishantha_Lokuge;M._Weiser;Kevin_Teixeira;François_Robillard;Monika_Gorkani;C._Shaw;Issei_Fujishiro;J._J._Thomas;Diane_T._Rover;Quang_Vinh_Nguyen;Praveen_R._Thiagarajan;Stephen_G._Kobourov;Christian_Panse;Chris_Hendrickson_Octavia_Juarez_Espinosa;N._D._Geddes;Klaus_Mueller;Thomas_Ball;Hans_Hinterberger;R._Brath;King-Ip_Lin;Christian_Uhrig;Haim_Levkowitz;James_T._Enns;James_Landay;P._Gros;Kurt_Mehlhorn;Robert_Cohen;Lloyd_A._Treinish;Benoît_Hudson;Scott_A._Guyer;Todd_C._Plessel;Elizabeth_Jurrus;D._L._Gresh;Bradley_W._Halversen;Robin_Lampert;Mei_Chuah;Jing_Yang;Tim_McCandless;Edgar_Chávez;Mary_Jean_Harrold;Scott_S._Snibbe;A._Zwa;Colin_Ware;Mark_J._Stefik;Frank_Van_Ham;Norma_Lopez;Jeffrey_Scott_Vitter;Polle_T._Zellweger;Alistair_Morrison;D._Christopher_Dryer;Oren_J._Tversky;Jitendra_Malik;Qian_Huang;Christopher_Williamson;Shari_Lawrence_Pfleeger;George_S._Davidson;Xuemin_Lin;Barry_G._Becker;Manojit_Sarkar;Huub_van_de_Wetering;Mitch_B._Grunes;Huw_Dawkes;Rika_Furuhata;Vannevar_Bush;Daniel_P._Huttenlocher;Joseph_Konstan;Mary_Baker;H._A._Mueller;Ioannis_G._Tollis;Alan_M._MacEachren;Edward_A._Stohr;Daniel_C._Robbins;Jeff_Zacks
Jim_Thomas;1.0;0.097384;0.12563;0.109691;0.275405;0.195006;0.196239;0.317986;0.407599;0.0;0.280886;0.450054;0.218693;0.230571;0.324517;0.139374;0.213497;0.362278;0.355599;0.189934;0.541307;0.416076;0.266501;0.288039;0.150599;0.184257;0.301511;0.225638;0.333944;0.230283;0.112036;0.301634;0.305377;0.248734;0.185405;0.323074;0.170589;0.140275;0.183041;0.166986;0.202157;0.16888;0.323575;0.102402;0.305534;0.321711;0.032898;0.134005;0.268896;0.235849;0.197104;0.0;0.0;0.231627;0.0;0.0;0.113707;0.312945;0.138583;0.464221;0.0;0.230997;0.238704;0.060606;0.197939;0.212762;0.188025;0.292615;0.317743;0.018993;0.159901;0.328813;0.207827;0.229967;0.46875;0.249926;0.139141;0.356788;0.272423;0.235925;0.035533;0.159005;0.208733;0.276325;0.174319;0.143459;0.436789;0.236902;0.149952;0.326167;0.111623;0.234866;0.192847;0.131819;0.194048;0.562549;0.125739;0.266066;0.116052
Eleftherios_Koutsofios;0.097384;1.0;0.223607;0.14462;0.281718;0.235008;0.38318;0.365148;0.132508;0.0;0.539157;0.214392;0.194625;0.136797;0.159544;0.248069;0.066667;0.158761;0.168034;0.056344;0.08165;0.359064;0.421637;0.16538;0.244991;0.198762;0.04969;0.160644;0.374836;0.178915;0.178958;0.127827;0.068802;0.474342;0.183333;0.587403;0.253024;0.380163;0.325792;0.247681;0.285569;0.187867;0.149592;0.078113;0.359419;0.299938;0.29277;0.248452;0.311093;0.271626;0.175412;0.266667;0.0;0.209953;0.0;0.086066;0.590292;0.286943;0.072548;0.119277;0.0;0.411149;0.20525;0.179787;0.275241;0.401643;0.258966;0.03215;0.231605;0.225374;0.131762;0.172133;0.10758;0.289414;0.16169;0.409048;0.215353;0.342864;0.105409;0.114109;0.210819;0.536745;0.406904;0.167669;0.408248;0.256692;0.079008;0.255551;0.305821;0.150639;0.196223;0.324337;0.0;0.322031;0.589511;0.071573;0.186501;0.408248;0.0
Lawrence_A._Rowe;0.12563;0.223607;1.0;0.242536;0.094491;0.181902;0.123579;0.255155;0.027778;0.0;0.246598;0.343203;0.043519;0.401478;0.031745;0.346688;0.111803;0.184327;0.219179;0.0;0.045644;0.188177;0.265165;0.231125;0.096674;0.083333;0.0;0.314309;0.044901;0.163663;0.64312;0.171499;0.230769;0.176777;0.195656;0.20739;0.231455;0.258467;0.115897;0.296695;0.454967;0.315063;0.125436;0.029111;0.157243;0.518254;0.109109;0.033333;0.220727;0.082824;0.147087;0.223607;0.0;0.128037;0.0;0.0;0.282843;0.169842;0.0;0.218218;0.0;0.126412;0.206529;0.0;0.061546;0.433013;0.200446;0.0;0.12646;0.188982;0.0;0.288675;0.340016;0.27735;0.135582;0.214373;0.150482;0.325;0.058926;0.382733;0.0;0.409159;0.0;0.067694;0.334719;0.135943;0.317999;0.285714;0.209814;0.165181;0.277658;0.161165;0.0;0.231455;0.133757;0.05054;0.0;0.182574;0.0
Jonathan_I._Helfman;0.109691;0.14462;0.242536;1.0;0.229175;0.294118;0.17384;0.049507;0.053897;0.0;0.279108;0.277463;0.29554;0.111283;0.272773;0.201802;0.433861;0.357647;0.243011;0.0;0.088561;0.109535;0.128624;0.336336;0.140681;0.16169;0.0;0.261364;0.087121;0.211702;0.207973;0.083189;0.093283;0.085749;0.108465;0.125749;0.224544;0.025075;0.144561;0.201486;0.162615;0.067924;0.141973;0.056484;0.203397;0.118301;0.211702;0.048507;0.201159;0.093743;0.332956;0.108465;0.0;0.124214;0.0;0.140028;0.308697;0.384465;0.039344;0.105851;0.242536;0.144935;0.133575;0.219382;0.14927;0.140028;0.06482;0.052307;0.368053;0.366679;0.214373;0.186704;0.289472;0.067267;0.052613;0.0;0.029198;0.218282;0.057166;0.309421;0.0;0.317554;0.115135;0.035362;0.132842;0.109903;0.20567;0.242536;0.022617;0.23566;0.009977;0.09772;0.0;0.112272;0.084628;0.079675;0.303433;0.221404;0.0
Mary_Brewster;0.275405;0.281718;0.094491;0.229175;1.0;0.297927;0.336302;0.115728;0.356966;0.0;0.372822;0.580645;0.312527;0.216777;0.174834;0.157243;0.169031;0.356087;0.142014;0.142857;0.241523;0.234711;0.167038;0.1223;0.420201;0.251976;0.377964;0.033942;0.441249;0.288675;0.129641;0.259281;0.188982;0.133631;0.316933;0.391931;0.204124;0.136768;0.337923;0.246709;0.343923;0.344016;0.268659;0.440119;0.416025;0.311106;0.082479;0.390563;0.27809;0.313044;0.333562;0.253546;0.0;0.21777;0.0;0.0;0.267261;0.470757;0.337227;0.164957;0.0;0.25627;0.286222;0.170941;0.372194;0.327327;0.227284;0.203785;0.307269;0.142857;0.167038;0.218218;0.257028;0.288278;0.225478;0.356512;0.364013;0.264575;0.178174;0.356826;0.133631;0.268055;0.067284;0.244049;0.126512;0.376799;0.320513;0.377964;0.281963;0.24973;0.077737;0.487316;0.402911;0.233285;0.118695;0.17192;0.197028;0.414039;0.0
Min_Chen;0.195006;0.235008;0.181902;0.294118;0.297927;1.0;0.278743;0.148522;0.175165;0.0;0.279108;0.325029;0.14777;0.139104;0.40476;0.336336;0.21693;0.228497;0.182258;0.045835;0.154983;0.438142;0.085749;0.179379;0.257915;0.282958;0.040423;0.217803;0.435607;0.158777;0.436742;0.291162;0.037313;0.128624;0.203372;0.289222;0.205832;0.108658;0.305184;0.316621;0.394922;0.271694;0.314369;0.120028;0.152548;0.414054;0.079388;0.040423;0.181692;0.254444;0.261608;0.271163;0.0;0.357115;0.0;0.140028;0.205798;0.302079;0.236067;0.123493;0.0;0.236913;0.217059;0.292509;0.268687;0.163366;0.324102;0.091537;0.398724;0.09167;0.32156;0.280056;0.430842;0.252252;0.368294;0.187175;0.160588;0.315296;0.057166;0.408436;0.257248;0.304322;0.100743;0.229854;0.221404;0.197826;0.20567;0.17324;0.373173;0.188528;0.009977;0.156353;0.155126;0.224544;0.084628;0.085804;0.177003;0.221404;0.140028
Christopher_G._Healey;0.196239;0.38318;0.123579;0.17384;0.336302;0.278743;1.0;0.292616;0.335037;0.0;0.467275;0.458058;0.22588;0.255159;0.128226;0.301618;0.315018;0.242976;0.202757;0.102759;0.094762;0.260454;0.148552;0.283338;0.535219;0.205965;0.008239;0.319615;0.514935;0.191467;0.178027;0.245847;0.146394;0.174767;0.290148;0.445947;0.343237;0.089435;0.348649;0.219992;0.435592;0.280334;0.359631;0.208657;0.440457;0.387287;0.226525;0.146647;0.527031;0.289317;0.252053;0.143692;0.0;0.395568;0.0;0.214046;0.234188;0.288248;0.252595;0.314617;0.123579;0.827675;0.427079;0.134138;0.56587;0.190263;0.320371;0.082621;0.395608;0.308277;0.358273;0.418578;0.337523;0.171374;0.340463;0.093252;0.276716;0.363323;0.180593;0.199282;0.05243;0.253492;0.196527;0.348006;0.075208;0.182557;0.330104;0.218912;0.502439;0.137367;0.306019;0.203149;0.100119;0.198314;0.117863;0.139279;0.180376;0.212086;0.299664
Mac_Holden;0.317986;0.365148;0.255155;0.049507;0.115728;0.148522;0.292616;1.0;0.158763;0.204124;0.30202;0.313584;0.1066;0.093659;0.170328;0.113228;0.045644;0.100335;0.600789;0.077152;0.186339;0.215105;0.505181;0.056614;0.098667;0.136083;0.0;0.439941;0.219971;0.267261;0.105021;0.070014;0.157019;0.360844;0.228218;0.359834;0.188982;0.112553;0.216295;0.14535;0.332376;0.142915;0.375534;0.011885;0.10699;0.199131;0.133631;0.054433;0.207529;0.078896;0.120096;0.0;0.0;0.209083;0.0;0.235702;0.433013;0.069338;0.033113;0.296957;0.204124;0.337794;0.295102;0.061546;0.226134;0.078567;0.327327;0.066034;0.154881;0.077152;0.036084;0.117851;0.362608;0.198148;0.044281;0.280056;0.122868;0.224537;0.240563;0.072917;0.288675;0.423164;0.0969;0.123298;0.186339;0.064748;0.194734;0.204124;0.152277;0.420476;0.083965;0.246732;0.043519;0.094491;0.113961;0.025791;0.085126;0.409946;0.0
M._Gray;0.407599;0.132508;0.027778;0.053897;0.356966;0.175165;0.335037;0.158763;1.0;0.0;0.273998;0.374073;0.232104;0.025491;0.135041;0.154083;0.024845;0.145641;0.153077;0.041996;0.426006;0.246722;0.255344;0.287622;0.515593;0.111111;0.222222;0.139693;0.25943;0.30308;0.209609;0.381108;0.316239;0.039284;0.33541;0.103695;0.291462;0.17997;0.294341;0.237356;0.117068;0.031117;0.185832;0.536939;0.221305;0.176139;0.436436;0.066667;0.196202;0.184053;0.30507;0.04969;0.0;0.213395;0.0;0.2566;0.172848;0.264198;0.522713;0.290957;0.111111;0.372851;0.313617;0.033501;0.205152;0.235217;0.193022;0.215666;0.192701;0.20998;0.176777;0.277983;0.234387;0.261942;0.265137;0.228665;0.214019;0.211111;0.288081;0.124743;0.078567;0.254588;0.079119;0.411948;0.074382;0.226572;0.412221;0.31746;0.300474;0.220241;0.036564;0.161165;0.307957;0.188593;0.108556;0.294816;0.0;0.243432;0.06415
Jason_Stewart;0.0;0.0;0.0;0.0;0.0;0.0;0.0;0.204124;0.0;1.0;0.0;0.065372;0.174078;0.0;0.03628;0.0;0.0;0.0;0.0;0.0;0.0;0.0;0.0;0.0;0.0;0.333333;0.0;0.0;0.0;0.327327;0.0;0.171499;0.0;0.0;0.111803;0.311086;0.0;0.0;0.463586;0.237356;0.0;0.0;0.083624;0.0;0.0;0.121942;0.0;0.0;0.026755;0.0;0.0;0.0;0.0;0.0;0.0;0.0;0.0;0.113228;0.162221;0.072739;0.0;0.091936;0.137686;0.0;0.0;0.0;0.0;0.0;0.072263;0.0;0.0;0.0;0.055513;0.0;0.0;0.0;0.0;0.3;0.471405;0.051031;0.0;0.0;0.118678;0.145802;0.0;0.045314;0.0;0.0;0.0;0.621858;0.082269;0.402911;0.0;0.46291;0.046524;0.0;0.0;0.182574;0.0
Volker_Vogelmann;0.280886;0.539157;0.246598;0.279108;0.372822;0.279108;0.467275;0.30202;0.273998;0.0;1.0;0.435257;0.143091;0.377157;0.09543;0.410365;0.073521;0.498319;0.185311;0.248548;0.30015;0.383609;0.232495;0.075993;0.333754;0.328798;0.0548;0.118108;0.354323;0.161437;0.056388;0.253748;0.227629;0.232495;0.312466;0.443232;0.253673;0.322937;0.35929;0.35119;0.409411;0.184164;0.219964;0.134004;0.448076;0.501179;0.251124;0.208239;0.409057;0.408484;0.354654;0.073521;0.0;0.294688;0.0;0.0;0.325493;0.241989;0.053338;0.179374;0.0;0.468539;0.29426;0.148704;0.36425;0.474579;0.241656;0.301369;0.326699;0.497096;0.14531;0.348025;0.14602;0.182384;0.267474;0.253748;0.29687;0.427437;0.232495;0.30202;0.232495;0.286998;0.292659;0.249969;0.190095;0.260737;0.121984;0.305312;0.199294;0.172518;0.0541;0.317944;0.0701;0.177571;0.20651;0.09555;0.377075;0.30015;0.189832
Benjamin_B._Bederson;0.450054;0.214392;0.343203;0.277463;0.580645;0.325029;0.458058;0.313584;0.374073;0.065372;0.435257;1.0;0.190612;0.179969;0.276894;0.308226;0.18272;0.358818;0.319313;0.086479;0.489345;0.258332;0.225347;0.139004;0.205392;0.196116;0.141639;0.146765;0.534223;0.39943;0.291492;0.257858;0.203659;0.09245;0.325242;0.38639;0.232004;0.212896;0.387479;0.333604;0.422652;0.192232;0.328001;0.076122;0.376907;0.426481;0.10699;0.130744;0.254482;0.164235;0.384615;0.380058;0.0;0.305506;0.0;0.188713;0.31433;0.425611;0.137862;0.339991;0.065372;0.335059;0.483793;0.118262;0.531085;0.283069;0.375635;0.186805;0.366108;0.222375;0.109784;0.327102;0.410982;0.14958;0.297805;0.31952;0.3266;0.330129;0.362096;0.5004;0.1849;0.324537;0.213351;0.274367;0.169083;0.234021;0.453877;0.401571;0.37795;0.288376;0.122352;0.281829;0.195123;0.166438;0.1323;0.123896;0.068155;0.513216;0.207584
Maureen_Tingley;0.218693;0.194625;0.043519;0.29554;0.312527;0.14777;0.22588;0.1066;0.232104;0.174078;0.143091;0.190612;1.0;0.139777;0.170518;0.072421;0.253012;0.235306;0.201672;0.13159;0.238366;0.193269;0.353888;0.297729;0.201945;0.232104;0.145065;0.328285;0.250122;0.341882;0.179124;0.223906;0.562405;0.246183;0.214087;0.315893;0.322329;0.13798;0.276686;0.557799;0.18341;0.377824;0.40032;0.177366;0.182483;0.180433;0.094967;0.342353;0.137394;0.230684;0.187767;0.038925;0.0;0.323181;0.0;0.0;0.233874;0.305511;0.268272;0.196265;0.0;0.216054;0.275632;0.314918;0.278557;0.201008;0.244252;0.168941;0.377381;0.230283;0.461593;0.184257;0.282658;0.434524;0.14161;0.268687;0.377217;0.191485;0.143607;0.253176;0.0;0.332385;0.289229;0.647211;0.254257;0.22087;0.396722;0.335721;0.340889;0.368732;0.071606;0.308607;0.352578;0.241747;0.311805;0.105574;0.199637;0.286039;0.100504
C._K._Yung;0.230571;0.136797;0.401478;0.111283;0.216777;0.139104;0.255159;0.093659;0.025491;0.0;0.377157;0.179969;0.139777;1.0;0.024969;0.699913;0.153897;0.206739;0.158032;0.433555;0.209427;0.120878;0.0;0.106047;0.155249;0.076472;0.0;0.123613;0.082409;0.075094;0.314756;0.157378;0.229416;0.324443;0.205196;0.166525;0.176998;0.086968;0.182321;0.353946;0.351585;0.256997;0.172662;0.080143;0.408838;0.503558;0.050063;0.214121;0.36214;0.494027;0.134976;0.0;0.0;0.088121;0.0;0.0;0.064889;0.051952;0.111648;0.367126;0.0;0.27419;0.142143;0.207514;0.197674;0.39736;0.153285;0.197908;0.198939;0.173422;0.040555;0.220755;0.070045;0.190885;0.248836;0.0;0.303802;0.252357;0.270369;0.269268;0.162221;0.0;0.054453;0.133797;0.237351;0.031187;0.534996;0.229416;0.192538;0.249662;0.056621;0.203355;0.195646;0.106199;0.106734;0.046379;0.239182;0.083771;0.0
S._Joy_Mountford;0.324517;0.159544;0.031745;0.272773;0.174834;0.40476;0.128226;0.170328;0.135041;0.03628;0.09543;0.276894;0.170518;0.024969;1.0;0.105653;0.048674;0.147122;0.202202;0.006856;0.162282;0.232802;0.150715;0.078821;0.024551;0.042326;0.078606;0.211771;0.381188;0.166255;0.199102;0.174214;0.161864;0.359151;0.066927;0.174935;0.366675;0.061889;0.249879;0.152849;0.175486;0.114304;0.294285;0.04647;0.098882;0.209036;0.079169;0.025396;0.146084;0.223359;0.177876;0.089236;0.0;0.120774;0.0;0.198988;0.200099;0.306037;0.085338;0.143824;0.03628;0.178444;0.18732;0.18049;0.169698;0.132659;0.436328;0.060638;0.418814;0.013712;0.092995;0.233899;0.153063;0.153449;0.342353;0.205324;0.196541;0.246703;0.102615;0.198099;0.230883;0.12865;0.103335;0.167002;0.150138;0.120834;0.334571;0.137345;0.292639;0.470958;0.047755;0.105246;0.174035;0.064378;0.078487;0.056382;0.113473;0.284821;0.020946
L._D._Bergman;0.139374;0.248069;0.346688;0.201802;0.157243;0.336336;0.301618;0.113228;0.154083;0.0;0.410365;0.308226;0.072421;0.699913;0.105653;1.0;0.248069;0.204493;0.156315;0.314485;0.202548;0.093944;0.0;0.051282;0.160875;0.1849;0.0;0.199254;0.049814;0.030261;0.380521;0.142695;0.192012;0.294174;0.310087;0.201319;0.256776;0.095581;0.422463;0.460816;0.292219;0.194184;0.139159;0.048444;0.407039;0.388938;0.181568;0.05547;0.155829;0.459423;0.163178;0.124035;0.0;0.284088;0.0;0.320256;0.196116;0.157019;0.0;0.28244;0.0;0.267733;0.343684;0.167248;0.307255;0.26688;0.333562;0.0;0.220463;0.209657;0.098058;0.160128;0.284835;0.230769;0.240663;0.0;0.267112;0.360555;0.130744;0.212302;0.392232;0.121046;0.131662;0.231075;0.253185;0.100543;0.499784;0.198107;0.310356;0.280267;0.091269;0.201146;0.059131;0.128388;0.141938;0.070086;0.173494;0.202548;0.160128
Rich_Gossweiler;0.213497;0.066667;0.111803;0.433861;0.169031;0.21693;0.315018;0.045644;0.024845;0.0;0.073521;0.18272;0.253012;0.153897;0.048674;0.248069;1.0;0.0;0.056011;0.084515;0.040825;0.042078;0.118585;0.475466;0.108084;0.0;0.149071;0.080322;0.120483;0.0;0.191741;0.0;0.086003;0.079057;0.15;0.208683;0.069007;0.046236;0.103661;0.185761;0.128506;0.187867;0.149592;0.052076;0.304725;0.177236;0.146385;0.163978;0.167512;0.148159;0.0;0.2;0.0;0.05726;0.0;0.0;0.221359;0.025318;0.072548;0.19518;0.0;0.236411;0.184725;0.0;0.192669;0.0;0.029881;0.072336;0.250457;0.084515;0.0;0.215166;0.465488;0.155043;0.121268;0.115045;0.0;0.111803;0.052705;0.022822;0.0;0.317168;0.212298;0.051232;0.163299;0.121591;0.260725;0.191663;0.062554;0.139052;0.128771;0.126131;0.0;0.069007;0.104031;0.079107;0.0;0.204124;0.0
M._Maruyama;0.362278;0.158761;0.184327;0.357647;0.356087;0.228497;0.242976;0.100335;0.145641;0.0;0.498319;0.358818;0.235306;0.206739;0.147122;0.204493;0.0;1.0;0.200079;0.247712;0.089742;0.487149;0.231714;0.143902;0.395991;0.273077;0.218462;0.205994;0.250135;0.348604;0.154547;0.435541;0.327693;0.231714;0.403009;0.288831;0.227538;0.081875;0.298402;0.19445;0.3688;0.103244;0.26718;0.243257;0.266224;0.269727;0.035754;0.114692;0.192882;0.52472;0.289196;0.0;0.0;0.115381;0.0;0.047298;0.139028;0.426695;0.053159;0.077467;0.0;0.295618;0.208674;0.222307;0.272269;0.252258;0.175159;0.291522;0.482481;0.123856;0.159303;0.362621;0.100051;0.113607;0.319889;0.056199;0.226835;0.237577;0.154476;0.652178;0.057928;0.268157;0.126392;0.303733;0.129628;0.341531;0.11289;0.128736;0.190984;0.171938;0.00674;0.277265;0.069864;0.240179;0.083851;0.455443;0.512465;0.284184;0.189194
David_P._Helmbold;0.355599;0.168034;0.219179;0.243011;0.142014;0.182258;0.202757;0.600789;0.153077;0.0;0.185311;0.319313;0.201672;0.158032;0.202202;0.156315;0.056011;0.200079;1.0;0.094676;0.182932;0.162621;0.210334;0.034737;0.121079;0.041748;0.146119;0.269936;0.213699;0.382629;0.064438;0.139616;0.18305;0.376386;0.119024;0.188316;0.154606;0.038846;0.199069;0.200662;0.287911;0.105227;0.528912;0.094796;0.229762;0.202362;0.040996;0.025049;0.137387;0.228211;0.147375;0.056011;0.0;0.328737;0.0;0.036155;0.256828;0.184355;0.030476;0.341633;0.0;0.210139;0.112089;0.245458;0.346873;0.07231;0.225943;0.141808;0.201375;0.165683;0.210334;0.168724;0.450186;0.095526;0.129055;0.075178;0.090466;0.181605;0.103322;0.105458;0.132842;0.245976;0.03716;0.20087;0.118143;0.122021;0.192501;0.098407;0.216064;0.433232;0.046367;0.090833;0.040053;0.086966;0.167524;0.112355;0.300327;0.194365;0.036155
C._Dunmire;0.189934;0.056344;0.0;0.0;0.142857;0.045835;0.102759;0.077152;0.041996;0.0;0.248548;0.086479;0.13159;0.433555;0.006856;0.314485;0.084515;0.247712;0.094676;1.0;0.069007;0.071124;0.133631;0.034943;0.255774;0.0;0.251976;0.135769;0.067884;0.0;0.0;0.129641;0.290742;0.133631;0.211289;0.313545;0.174964;0.039077;0.050063;0.179425;0.0;0.105851;0.158035;0.066018;0.475457;0.138269;0.082479;0.277174;0.030337;0.354783;0.14825;0.0;0.0;0.048393;0.0;0.0;0.053452;0.085592;0.122628;0.219943;0.0;0.208491;0.130101;0.227921;0.093048;0.218218;0.0;0.122271;0.245815;0.0;0.0;0.072739;0.073436;0.104828;0.122988;0.0;0.364013;0.151186;0.089087;0.347183;0.267261;0.0;0.089712;0.204686;0.161015;0.034254;0.240385;0.10799;0.105736;0.08814;0.031095;0.304572;0.241747;0.058321;0.026377;0.047756;0.157622;0.0;0.436436
C._C._Gomberg;0.541307;0.08165;0.045644;0.088561;0.241523;0.154983;0.094762;0.186339;0.426006;0.0;0.30015;0.489345;0.238366;0.209427;0.162282;0.202548;0.040825;0.089742;0.182932;0.069007;1.0;0.068713;0.193649;0.084395;0.05295;0.0;0.0;0.065583;0.327913;0.099602;0.0;0.062622;0.294928;0.129099;0.183712;0.018932;0.028172;0.018876;0.157187;0.216676;0.104925;0.127827;0.183211;0.02126;0.267946;0.055659;0.0;0.024343;0.029308;0.231862;0.322252;0.0;0.0;0.210386;0.0;0.0;0.05164;0.103362;0.029617;0.544493;0.0;0.130085;0.175965;0.110096;0.022473;0.140546;0.0;0.196875;0.164917;0.20702;0.032275;0.035136;0.091217;0.101274;0.059409;0.344423;0.043959;0.146059;0.258199;0.139754;0.0;0.099602;0.043335;0.167323;0.033333;0.02482;0.541879;0.156492;0.102151;0.219974;0.01502;0.058849;0.194625;0.056344;0.016988;0.023068;0.114208;0.4;0.0
Allison_Woodruff;0.416076;0.359064;0.188177;0.109535;0.234711;0.438142;0.260454;0.215105;0.246722;0.0;0.383609;0.258332;0.193269;0.120878;0.232802;0.093944;0.042078;0.487149;0.162621;0.071124;0.068713;1.0;0.439103;0.313146;0.2656;0.213268;0.225813;0.108153;0.392053;0.361361;0.309813;0.464719;0.231603;0.292735;0.206181;0.304404;0.12776;0.121918;0.184443;0.169727;0.176637;0.321471;0.185687;0.131473;0.205154;0.523186;0.287446;0.175632;0.29201;0.405224;0.228809;0.033662;0.0;0.245755;0.0;0.021729;0.473699;0.332388;0.213685;0.166992;0.037635;0.32265;0.238366;0.238298;0.245528;0.470792;0.331931;0.26785;0.511294;0.0;0.252817;0.434577;0.150426;0.448843;0.502104;0.348539;0.258255;0.380119;0.354831;0.485906;0.079837;0.361361;0.19206;0.388032;0.096198;0.313799;0.127659;0.311837;0.379029;0.128722;0.117657;0.409422;0.152454;0.301979;0.121692;0.451747;0.125561;0.32295;0.152102
Karlis_Kaugars;0.266501;0.421637;0.265165;0.128624;0.167038;0.085749;0.148552;0.505181;0.255344;0.0;0.232495;0.225347;0.353888;0.0;0.150715;0.0;0.118585;0.231714;0.210334;0.133631;0.193649;0.439103;1.0;0.228802;0.136717;0.117851;0.176777;0.15875;0.1905;0.308607;0.272853;0.060634;0.217571;0.5;0.118585;0.238302;0.109109;0.079198;0.070244;0.125877;0.169321;0.173276;0.399136;0.072046;0.166781;0.140117;0.077152;0.070711;0.080404;0.185456;0.242681;0.079057;0.0;0.248973;0.0;0.0;0.675;0.240192;0.057354;0.205738;0.0;0.251908;0.194717;0.0533;0.174078;0.340207;0.236228;0.133436;0.31936;0.066815;0.0625;0.272166;0.152107;0.49029;0.038348;0.424437;0.106407;0.017678;0.166667;0.279654;0.0;0.713653;0.167836;0.198831;0.215166;0.104137;0.187383;0.303046;0.032969;0.240472;0.079988;0.313392;0.150756;0.163663;0.148039;0.071474;0.03686;0.451848;0.102062
Jeffrey_Brainerd;0.288039;0.16538;0.231125;0.336336;0.1223;0.179379;0.283338;0.056614;0.287622;0.0;0.075993;0.139004;0.297729;0.106047;0.078821;0.051282;0.475466;0.143902;0.034737;0.034943;0.084395;0.313146;0.228802;1.0;0.303874;0.0;0.09245;0.199254;0.099627;0.191655;0.301246;0.317101;0.128008;0.098058;0.248069;0.287599;0.142653;0.073279;0.18368;0.164577;0.106261;0.155347;0.100504;0.328342;0.155062;0.281839;0.322788;0.117103;0.249822;0.107199;0.054393;0.08269;0.0;0.071022;0.0;0.0;0.261488;0.146551;0.389932;0.437109;0.0;0.212487;0.159113;0.083624;0.079659;0.142336;0.172958;0.22929;0.270569;0.0;0.114401;0.195712;0.230947;0.179487;0.180497;0.142695;0.267112;0.268105;0.108953;0.15097;0.0;0.28244;0.263323;0.175232;0.140658;0.175951;0.215593;0.435836;0.34484;0.111388;0.444938;0.171346;0.137973;0.385164;0.14624;0.415845;0.0;0.236306;0.0
Claudia_Schmid;0.150599;0.244991;0.096674;0.140681;0.420201;0.257915;0.535219;0.098667;0.515593;0.0;0.333754;0.205392;0.201945;0.155249;0.024551;0.160875;0.108084;0.395991;0.121079;0.255774;0.05295;0.2656;0.136717;0.303874;1.0;0.193347;0.161123;0.121542;0.312536;0.274247;0.116056;0.513961;0.290021;0.102538;0.48638;0.260639;0.328175;0.043311;0.262497;0.26388;0.222232;0.284277;0.210191;0.765484;0.4155;0.194512;0.189863;0.283576;0.315551;0.395005;0.24647;0.0;0.0;0.321823;0.0;0.055815;0.191404;0.295546;0.642984;0.10548;0.0;0.539932;0.186348;0.174889;0.095198;0.186049;0.193778;0.291888;0.426141;0.182696;0.393062;0.279073;0.201248;0.093844;0.188743;0.165794;0.256039;0.251351;0.068359;0.320668;0.0;0.263699;0.022946;0.235591;0.05295;0.354837;0.133216;0.207158;0.387639;0.150293;0.02386;0.249286;0.144276;0.238673;0.103446;0.327354;0.100789;0.141201;0.279073
Ken_Perrine;0.184257;0.198762;0.083333;0.16169;0.251976;0.282958;0.205965;0.136083;0.111111;0.333333;0.328798;0.196116;0.232104;0.076472;0.042326;0.1849;0.0;0.273077;0.041748;0.0;0.0;0.213268;0.117851;0.0;0.193347;1.0;0.0;0.179605;0.119737;0.290957;0.114332;0.114332;0.025641;0.0;0.074536;0.345651;0.205738;0.160824;0.441511;0.118678;0.383131;0.0;0.167248;0.038815;0.0;0.182913;0.145479;0.088889;0.231875;0.092026;0.065372;0.0;0.0;0.384111;0.0;0.0;0.188562;0.264198;0.162221;0.024246;0.0;0.160888;0.045895;0.201008;0.123091;0.19245;0.133631;0.035944;0.240876;0.0;0.412479;0.19245;0.046261;0.138675;0.14462;0.0;0.200643;0.3;0.235702;0.323197;0.0;0.145479;0.079119;0.208288;0.040572;0.120838;0.035333;0.142857;0.031083;0.285018;0.095981;0.34919;0.0;0.154303;0.07754;0.0;0.13901;0.121716;0.0
Ishantha_Lokuge;0.301511;0.04969;0.0;0.0;0.377964;0.040423;0.008239;0.0;0.222222;0.0;0.0548;0.141639;0.145065;0.0;0.078606;0.0;0.149071;0.218462;0.146119;0.251976;0.0;0.225813;0.176777;0.09245;0.161123;0.0;1.0;0.059868;0.119737;0.218218;0.057166;0.228665;0.179487;0.0;0.037268;0.172825;0.102869;0.011487;0.066227;0.039559;0.0;0.373408;0.111499;0.116445;0.4892;0.040647;0.0;0.355556;0.080264;0.147242;0.261488;0.0;0.0;0.085358;0.0;0.0;0.188562;0.226455;0.0;0.072739;0.0;0.122581;0.321267;0.100504;0.082061;0.06415;0.178174;0.143777;0.264964;0.125988;0.0;0.32075;0.157286;0.138675;0.21693;0.342997;0.120386;0.266667;0.078567;0.136083;0.0;0.03637;0.039559;0.131916;0.060858;0.03021;0.176666;0.0;0.062167;0.297973;0.013712;0.429772;0.213201;0.102869;0.062032;0.454859;0.069505;0.30429;0.19245
M._Weiser;0.225638;0.160644;0.314309;0.261364;0.033942;0.217803;0.319615;0.439941;0.139693;0.0;0.118108;0.146765;0.328285;0.123613;0.211771;0.199254;0.080322;0.205994;0.269936;0.135769;0.065583;0.108153;0.15875;0.199254;0.121542;0.179605;0.059868;1.0;0.096774;0.176369;0.215614;0.215614;0.455921;0.127;0.40161;0.316611;0.360278;0.16093;0.249788;0.277098;0.292452;0.326947;0.22529;0.052285;0.244761;0.251867;0.313545;0.047895;0.211433;0.16859;0.246564;0.080322;0.0;0.275953;0.0;0.311086;0.0508;0.16269;0.058272;0.313545;0.359211;0.334371;0.395665;0.216612;0.176863;0.103695;0.216007;0.038735;0.272555;0.135769;0.34925;0.13826;0.4038;0.298881;0.155847;0.061604;0.281085;0.395132;0.127;0.091654;0.0;0.156772;0.106576;0.422729;0.382565;0.203467;0.456915;0.12829;0.318217;0.258281;0.376787;0.115784;0.038292;0.193996;0.137874;0.059002;0.224702;0.131165;0.20739
Kevin_Teixeira;0.333944;0.374836;0.044901;0.087121;0.441249;0.435607;0.514935;0.219971;0.25943;0.0;0.354323;0.534223;0.250122;0.082409;0.381188;0.049814;0.120483;0.250135;0.213699;0.067884;0.327913;0.392053;0.1905;0.099627;0.312536;0.119737;0.119737;0.096774;1.0;0.274352;0.184812;0.246416;0.193421;0.1905;0.220885;0.372484;0.249423;0.099034;0.249788;0.149207;0.395671;0.276648;0.345445;0.156855;0.3389;0.328522;0.195965;0.347237;0.269097;0.218175;0.176117;0.321288;0.0;0.367938;0.0;0.103695;0.1524;0.264372;0.145679;0.235159;0.0;0.507749;0.370936;0.216612;0.486373;0.172825;0.288009;0.232408;0.43479;0.135769;0.1905;0.311086;0.279171;0.174347;0.331176;0.338823;0.324329;0.305329;0.296334;0.394114;0.127;0.274352;0.277098;0.344169;0.349774;0.268577;0.285572;0.205263;0.351714;0.230358;0.014776;0.173676;0.268044;0.304851;0.405266;0.081695;0.074901;0.360704;0.103695
François_Robillard;0.230283;0.178915;0.163663;0.211702;0.288675;0.158777;0.191467;0.267261;0.30308;0.327327;0.161437;0.39943;0.341882;0.075094;0.166255;0.030261;0.0;0.348604;0.382629;0.0;0.099602;0.361361;0.308607;0.191655;0.274247;0.290957;0.218218;0.176369;0.274352;1.0;0.130984;0.355529;0.159467;0.115728;0.19518;0.260224;0.101015;0.090243;0.325166;0.271926;0.219466;0.09167;0.255476;0.254103;0.25163;0.2661;0.142857;0.043644;0.344464;0.186761;0.21398;0.146385;0.0;0.20955;0.0;0.062994;0.262316;0.160604;0.353996;0.301587;0.0;0.285884;0.172761;0.164488;0.295468;0.10499;0.466569;0.305904;0.449418;0.0;0.289319;0.335968;0.233192;0.22696;0.071007;0.037424;0.144487;0.185485;0.46291;0.400892;0.0;0.285714;0.168335;0.259078;0.358569;0.148326;0.208179;0.15587;0.193315;0.411342;0.053858;0.237391;0.325669;0.353553;0.271577;0.099258;0.136505;0.258966;0.062994
Monika_Gorkani;0.112036;0.178958;0.64312;0.207973;0.129641;0.436742;0.178027;0.105021;0.209609;0.0;0.056388;0.291492;0.179124;0.314756;0.199102;0.380521;0.191741;0.154547;0.064438;0.0;0.0;0.309813;0.272853;0.301246;0.116056;0.114332;0.057166;0.215614;0.184812;0.130984;1.0;0.264706;0.224267;0.121268;0.095871;0.160052;0.476331;0.100474;0.227155;0.284944;0.410665;0.288175;0.186439;0.029955;0.035956;0.480997;0.112272;0.011433;0.256951;0.16098;0.168168;0.153393;0.0;0.197623;0.0;0.297044;0.33955;0.291276;0.083462;0.049899;0.0;0.232561;0.295161;0.103418;0.14777;0.396059;0.389597;0.05548;0.297432;0.06482;0.060634;0.363054;0.218968;0.309173;0.22322;0.205882;0.20646;0.154349;0.080845;0.481346;0.121268;0.374241;0.081413;0.228615;0.281801;0.11657;0.399934;0.465496;0.463777;0.186633;0.014109;0.248755;0.146254;0.132314;0.167556;0.086675;0.0;0.281801;0.0
C._Shaw;0.301634;0.127827;0.171499;0.083189;0.259281;0.291162;0.245847;0.070014;0.381108;0.171499;0.253748;0.257858;0.223906;0.157378;0.174214;0.142695;0.0;0.435541;0.139616;0.129641;0.062622;0.464719;0.060634;0.317101;0.513961;0.114332;0.228665;0.215614;0.246416;0.355529;0.264706;1.0;0.435343;0.060634;0.383482;0.302321;0.317554;0.112294;0.215798;0.427416;0.229972;0.216131;0.172097;0.479282;0.341581;0.449627;0.224544;0.057166;0.128476;0.32196;0.235435;0.076696;0.0;0.219581;0.0;0.099015;0.145521;0.368949;0.472953;0.087323;0.0;0.374463;0.224323;0.103418;0.27443;0.231034;0.18334;0.295891;0.24786;0.194461;0.363803;0.165025;0.190407;0.261608;0.372033;0.176471;0.268398;0.342997;0.16169;0.262553;0.0;0.130984;0.183178;0.435798;0.198304;0.458509;0.199967;0.244998;0.543739;0.226626;0.014109;0.207296;0.073127;0.370479;0.147608;0.515717;0.10728;0.062622;0.19803
Issei_Fujishiro;0.305377;0.068802;0.230769;0.093283;0.188982;0.037313;0.146394;0.157019;0.316239;0.0;0.227629;0.203659;0.562405;0.229416;0.161864;0.192012;0.086003;0.327693;0.18305;0.290742;0.294928;0.231603;0.217571;0.128008;0.290021;0.025641;0.179487;0.455921;0.193421;0.159467;0.224267;0.435343;1.0;0.135982;0.533216;0.111672;0.427302;0.074226;0.101887;0.538616;0.147358;0.183114;0.160816;0.335898;0.306422;0.314236;0.16786;0.05641;0.181109;0.361026;0.165944;0.0;0.0;0.059094;0.0;0.088823;0.141421;0.252585;0.124786;0.274171;0.076923;0.236911;0.39717;0.023193;0.113623;0.236862;0.267261;0.423036;0.275155;0.261668;0.122384;0.133235;0.333076;0.384023;0.125152;0.290228;0.361158;0.146154;0.217571;0.25123;0.0;0.243397;0.127807;0.69376;0.243432;0.456629;0.546307;0.21978;0.387348;0.242166;0.03797;0.179761;0.164001;0.083086;0.128836;0.173002;0.064158;0.126398;0.222058
J._J._Thomas;0.248734;0.474342;0.176777;0.085749;0.133631;0.128624;0.174767;0.360844;0.039284;0.0;0.232495;0.09245;0.246183;0.324443;0.359151;0.294174;0.079057;0.231714;0.376386;0.133631;0.129099;0.292735;0.5;0.098058;0.102538;0.0;0.0;0.127;0.1905;0.115728;0.121268;0.060634;0.135982;1.0;0.118585;0.293294;0.163663;0.121843;0.35122;0.125877;0.169321;0.099015;0.443484;0.061754;0.259437;0.194009;0.0;0.164992;0.12297;0.488043;0.069338;0.0;0.0;0.181071;0.0;0.0;0.3;0.20016;0.057354;0.257172;0.0;0.22753;0.097358;0.1066;0.304636;0.272166;0.141737;0.038125;0.268262;0.0;0.0625;0.136083;0.225707;0.343203;0.191741;0.242536;0.042563;0.141421;0.083333;0.144338;0.0;0.46291;0.293713;0.176738;0.107583;0.112147;0.262336;0.101015;0.131876;0.425979;0.072716;0.227921;0.0;0.218218;0.41122;0.044671;0.221163;0.258199;0.0
Diane_T._Rover;0.185405;0.183333;0.195656;0.108465;0.316933;0.203372;0.290148;0.228218;0.33541;0.111803;0.312466;0.325242;0.214087;0.205196;0.066927;0.310087;0.15;0.403009;0.119024;0.211289;0.183712;0.206181;0.118585;0.248069;0.48638;0.074536;0.037268;0.40161;0.220885;0.19518;0.095871;0.383482;0.533216;0.118585;1.0;0.289837;0.345033;0.335211;0.310983;0.451133;0.160632;0.1409;0.16829;0.631416;0.351605;0.415823;0.219578;0.059628;0.119651;0.487691;0.175412;0.3;0.0;0.042945;0.0;0.06455;0.079057;0.240526;0.217643;0.374095;0.111803;0.367465;0.446418;0.06742;0.233955;0.150616;0.253986;0.470187;0.262575;0.042258;0.079057;0.129099;0.353771;0.341096;0.242536;0.287612;0.376867;0.245967;0.263523;0.222512;0.079057;0.353764;0.172492;0.34931;0.285774;0.754878;0.367385;0.351382;0.3649;0.252031;0.275939;0.306319;0.023837;0.396788;0.140442;0.152564;0.09325;0.285774;0.193649
Quang_Vinh_Nguyen;0.323074;0.587403;0.20739;0.125749;0.391931;0.289222;0.445947;0.359834;0.103695;0.311086;0.443232;0.38639;0.315893;0.166525;0.174935;0.201319;0.208683;0.288831;0.188316;0.313545;0.018932;0.304404;0.238302;0.287599;0.260639;0.345651;0.172825;0.316611;0.372484;0.260224;0.160052;0.302321;0.111672;0.293294;0.289837;1.0;0.192006;0.296606;0.41891;0.344578;0.357559;0.290405;0.312171;0.11471;0.413068;0.537405;0.158397;0.414781;0.249691;0.177494;0.305044;0.278243;0.0;0.305367;0.0;0.059868;0.307959;0.223082;0.218681;0.271538;0.0;0.398015;0.364072;0.156326;0.395684;0.25943;0.249423;0.06709;0.337199;0.156772;0.219971;0.339254;0.276307;0.359498;0.29243;0.320104;0.47437;0.487367;0.195529;0.28575;0.219971;0.316794;0.50456;0.328297;0.347088;0.422899;0.19785;0.266645;0.406124;0.342569;0.405218;0.467936;0.132647;0.496016;0.501731;0.20963;0.129732;0.283981;0.239474
Praveen_R._Thiagarajan;0.170589;0.253024;0.231455;0.224544;0.204124;0.205832;0.343237;0.188982;0.291462;0.0;0.253673;0.232004;0.322329;0.176998;0.366675;0.256776;0.069007;0.227538;0.154606;0.174964;0.028172;0.12776;0.109109;0.142653;0.328175;0.205738;0.102869;0.360278;0.249423;0.101015;0.476331;0.317554;0.427302;0.163663;0.345033;0.192006;1.0;0.127623;0.296351;0.421186;0.280812;0.194461;0.283877;0.251549;0.177929;0.272833;0.235702;0.072008;0.421092;0.264119;0.21183;0.0;0.0;0.197565;0.0;0.356348;0.152753;0.401843;0.100125;0.112239;0.308607;0.461045;0.424907;0.139573;0.208928;0.237566;0.412393;0.249584;0.312212;0.233285;0.245495;0.356348;0.205579;0.235378;0.100419;0.079388;0.352943;0.324037;0.03637;0.322845;0.218218;0.269374;0.036625;0.29247;0.291109;0.307655;0.343479;0.506997;0.50361;0.347836;0.025389;0.385458;0.032898;0.142857;0.197418;0.109179;0.032174;0.169031;0.089087
Stephen_G._Kobourov;0.140275;0.380163;0.258467;0.025075;0.136768;0.108658;0.089435;0.112553;0.17997;0.0;0.322937;0.212896;0.13798;0.086968;0.061889;0.095581;0.046236;0.081875;0.038846;0.039077;0.018876;0.121918;0.079198;0.073279;0.043311;0.160824;0.011487;0.16093;0.099034;0.090243;0.100474;0.112294;0.074226;0.121843;0.335211;0.296606;0.127623;1.0;0.15748;0.159507;0.161743;0.086862;0.083575;0.056181;0.08309;0.310978;0.278251;0.117172;0.130006;0.100852;0.094621;0.508596;0.0;0.110311;0.0;0.019897;0.0926;0.269244;0.072677;0.027574;0.0;0.221782;0.102017;0.051954;0.144228;0.318349;0.119736;0.081756;0.109575;0.026051;0.121843;0.132645;0.142526;0.191162;0.590597;0.419626;0.157653;0.206774;0.097474;0.051001;0.073106;0.391055;0.249485;0.125616;0.203439;0.265478;0.102284;0.20185;0.157468;0.077686;0.066627;0.138852;0.022042;0.212706;0.346319;0.04093;0.064673;0.257969;0.0
Christian_Panse;0.183041;0.325792;0.115897;0.144561;0.337923;0.305184;0.348649;0.216295;0.294341;0.463586;0.35929;0.387479;0.276686;0.182321;0.249879;0.422463;0.103661;0.298402;0.199069;0.050063;0.157187;0.184443;0.070244;0.18368;0.262497;0.441511;0.066227;0.249788;0.249788;0.325166;0.227155;0.215798;0.101887;0.35122;0.310983;0.41891;0.296351;0.15748;1.0;0.330105;0.386945;0.176198;0.35998;0.138811;0.187446;0.238237;0.216777;0.256076;0.253379;0.464408;0.155857;0.177705;0.0;0.330699;0.0;0.19118;0.177951;0.374934;0.257841;0.168605;0.0;0.340961;0.360179;0.319489;0.391293;0.318633;0.283197;0.092838;0.339787;0.025031;0.199024;0.178434;0.397053;0.110208;0.272965;0.090862;0.334855;0.417228;0.374634;0.182499;0.0;0.202326;0.369404;0.376582;0.165247;0.153052;0.2106;0.227063;0.358189;0.576569;0.158004;0.469629;0.183554;0.429198;0.29579;0.083677;0.34523;0.399012;0.152944
Chris_Hendrickson_Octavia_Juarez_Espinosa;0.166986;0.247681;0.296695;0.201486;0.246709;0.316621;0.219992;0.14535;0.237356;0.237356;0.35119;0.333604;0.557799;0.353946;0.152849;0.460816;0.185761;0.19445;0.200662;0.179425;0.216676;0.169727;0.125877;0.164577;0.26388;0.118678;0.039559;0.277098;0.149207;0.271926;0.284944;0.427416;0.538616;0.125877;0.451133;0.344578;0.421186;0.159507;0.330105;1.0;0.341019;0.415457;0.416823;0.310937;0.28614;0.513751;0.129488;0.094943;0.257192;0.268669;0.209472;0.159223;0.0;0.258318;0.0;0.068519;0.268538;0.376254;0.288782;0.164019;0.0;0.294591;0.498379;0.143131;0.306774;0.274075;0.301322;0.268745;0.261569;0.358849;0.251754;0.319755;0.401877;0.394985;0.090107;0.142472;0.357179;0.403506;0.195809;0.230138;0.335673;0.233079;0.366197;0.531464;0.469464;0.397959;0.364816;0.356034;0.398405;0.442806;0.078108;0.306027;0.025302;0.292999;0.287113;0.149949;0.0;0.108338;0.205557
N._D._Geddes;0.202157;0.285569;0.454967;0.162615;0.343923;0.394922;0.435592;0.332376;0.117068;0.0;0.409411;0.422652;0.18341;0.351585;0.175486;0.292219;0.128506;0.3688;0.287911;0.0;0.104925;0.176637;0.169321;0.106261;0.222232;0.383131;0.0;0.292452;0.395671;0.219466;0.410665;0.229972;0.147358;0.169321;0.160632;0.357559;0.280812;0.161743;0.386945;0.341019;1.0;0.241421;0.504614;0.10038;0.120489;0.402958;0.167212;0.076626;0.384397;0.322611;0.244199;0.257012;0.0;0.269802;0.0;0.1659;0.216731;0.238595;0.093228;0.090573;0.095783;0.433688;0.329697;0.231036;0.412651;0.405534;0.268789;0.061971;0.263018;0.072405;0.169321;0.387101;0.398787;0.172675;0.197393;0.04928;0.311334;0.229878;0.158033;0.342152;0.135457;0.261269;0.250081;0.181549;0.297286;0.173613;0.233518;0.232615;0.339407;0.223362;0.02758;0.177523;0.0;0.103457;0.222811;0.048408;0.359497;0.244824;0.0
Klaus_Mueller;0.16888;0.187867;0.315063;0.067924;0.344016;0.271694;0.280334;0.142915;0.031117;0.0;0.184164;0.192232;0.377824;0.256997;0.114304;0.194184;0.187867;0.103244;0.105227;0.105851;0.127827;0.321471;0.173276;0.155347;0.284277;0.0;0.373408;0.326947;0.276648;0.09167;0.288175;0.216131;0.183114;0.099015;0.1409;0.290405;0.194461;0.086862;0.176198;0.415457;0.241421;1.0;0.281034;0.08968;0.381652;0.367119;0.061113;0.476095;0.161096;0.278343;0.357003;0.0;0.0;0.502005;0.0;0.0;0.257438;0.206116;0.113578;0.081484;0.0;0.273564;0.356677;0.25332;0.068945;0.296432;0.205832;0.0151;0.526179;0.158777;0.445566;0.350329;0.16324;0.252439;0.273387;0.408248;0.236003;0.532106;0.033005;0.18579;0.099015;0.076392;0.116328;0.195413;0.230089;0.088834;0.296859;0.260052;0.378673;0.299329;0.178559;0.451351;0.119416;0.172854;0.120522;0.180463;0.087594;0.357917;0.323381
Thomas_Ball;0.323575;0.149592;0.125436;0.141973;0.268659;0.314369;0.359631;0.375534;0.185832;0.083624;0.219964;0.328001;0.40032;0.172662;0.294285;0.139159;0.149592;0.26718;0.528912;0.158035;0.183211;0.185687;0.399136;0.100504;0.210191;0.167248;0.111499;0.22529;0.345445;0.255476;0.186439;0.172097;0.160816;0.443484;0.16829;0.312171;0.283877;0.083575;0.35998;0.416823;0.504614;0.281034;1.0;0.146064;0.236687;0.321215;0.036497;0.200698;0.293093;0.313981;0.164001;0.112194;0.0;0.524642;0.0;0.04828;0.260177;0.482897;0.149222;0.273724;0.0;0.493958;0.426013;0.327777;0.483791;0.305776;0.23467;0.252488;0.311211;0.063214;0.177394;0.37015;0.394588;0.173949;0.235828;0.10039;0.302015;0.158886;0.137973;0.230441;0.0;0.401463;0.297731;0.311781;0.152676;0.197047;0.168419;0.143356;0.19495;0.526524;0.068797;0.202159;0.178287;0.167745;0.184801;0.065509;0.174369;0.106873;0.193122
Hans_Hinterberger;0.102402;0.078113;0.029111;0.056484;0.440119;0.120028;0.208657;0.011885;0.536939;0.0;0.134004;0.076122;0.177366;0.080143;0.04647;0.048444;0.052076;0.243257;0.094796;0.066018;0.02126;0.131473;0.072046;0.328342;0.765484;0.038815;0.116445;0.052285;0.156855;0.254103;0.029955;0.479282;0.335898;0.061754;0.631416;0.11471;0.251549;0.056181;0.138811;0.310937;0.10038;0.08968;0.146064;1.0;0.250237;0.259141;0.190577;0.124207;0.174465;0.311834;0.06851;0.0;0.0;0.029818;0.0;0.0;0.057637;0.164809;0.642253;0.186342;0.0;0.266297;0.148303;0.070219;0.100333;0.056024;0.178946;0.464592;0.134634;0.022006;0.185262;0.078434;0.130899;0.250293;0.031575;0.13979;0.287375;0.069867;0.054892;0.089134;0.041169;0.19693;0.041458;0.195245;0.077952;0.609448;0.098745;0.224572;0.228029;0.156138;0.136512;0.136059;0.161369;0.332404;0.123248;0.239817;0.036421;0.04252;0.0
R._Brath;0.305534;0.359419;0.157243;0.203397;0.416025;0.152548;0.440457;0.10699;0.221305;0.0;0.448076;0.376907;0.182483;0.408838;0.098882;0.407039;0.304725;0.266224;0.229762;0.475457;0.267946;0.205154;0.166781;0.155062;0.4155;0.0;0.4892;0.244761;0.3389;0.25163;0.035956;0.341581;0.306422;0.259437;0.351605;0.413068;0.177929;0.08309;0.187446;0.28614;0.120489;0.381652;0.236687;0.250237;1.0;0.364316;0.183004;0.286531;0.187913;0.463055;0.349495;0.093761;0.0;0.295282;0.0;0.060523;0.2372;0.249259;0.136043;0.427008;0.0;0.491512;0.317534;0.126428;0.309684;0.262265;0.1681;0.203471;0.356035;0.396214;0.111187;0.161394;0.203676;0.203519;0.227405;0.233713;0.189298;0.3669;0.222375;0.246077;0.0;0.125815;0.199054;0.266381;0.236047;0.242262;0.400025;0.16473;0.293259;0.297422;0.293221;0.354787;0.111748;0.291157;0.2658;0.164239;0.153008;0.229668;0.302614
